#include <iostream>
#include <string>
#include <Windows.h>
using namespace std;

int main()
{

	int array1[15][15]
	{
		{1,0,1,1,1,1,1,1,1,1,1,1,1,1,1},
		{1,0,0,0,0,0,0,0,0,0,1,1,1,1,1},
		{1,1,1,1,1,1,0,0,0,0,1,1,1,1,1},
		{1,1,1,0,0,0,0,0,0,0,0,0,0,1,1},
		{1,1,1,0,0,0,0,0,0,0,0,0,0,1,1},
		{1,0,0,0,0,1,0,0,0,0,1,1,1,1,1},
		{1,0,0,0,0,1,0,0,0,0,0,0,0,0,1},
		{1,1,1,1,1,1,0,0,0,0,0,0,0,0,1},
		{1,1,1,1,1,1,1,1,1,1,1,1,0,0,1},
		{1,1,1,1,1,1,1,0,0,0,0,0,0,0,1},
		{1,1,1,1,1,1,1,0,0,0,0,0,0,0,1},
		{1,1,1,1,1,1,1,1,1,1,1,1,0,0,1},
		{1,1,1,1,1,1,1,1,1,1,1,1,0,0,1},
		{1,1,1,1,1,1,1,1,1,1,1,1,0,0,1},
		{1,1,1,1,1,1,1,1,1,1,1,1,0,0,1}
	};

	int array2[20][20]
	{
		{1,1,0,0,0,0,0,1,1,1,1,1,1,1,1,1,1,1,1,1},
		{1,1,0,0,0,0,0,1,1,1,1,1,1,1,1,1,1,1,1,1},
		{1,1,0,0,0,0,0,1,1,1,1,1,1,1,1,1,1,1,1,1},
		{1,1,0,0,0,0,0,0,0,0,0,0,0,0,0,1,1,1,1,1},
		{1,1,0,0,0,0,0,0,0,0,0,0,0,0,0,1,1,1,1,1},
		{1,1,0,0,0,0,0,0,0,0,0,0,0,0,0,1,1,1,1,1},
		{1,1,1,1,1,1,1,1,1,1,1,0,0,0,0,0,0,1,1,1},
		{1,1,1,1,1,1,1,1,1,1,1,0,0,0,0,0,0,1,1,1},
		{1,1,1,1,1,1,1,1,1,1,1,0,0,0,0,0,0,1,1,1},
		{1,1,1,1,1,1,0,0,0,0,0,0,0,0,0,0,0,1,1,1},
		{1,1,1,1,1,1,0,0,0,0,0,0,0,0,0,0,0,1,1,1},
		{1,1,1,1,1,1,0,0,0,0,1,1,1,0,0,0,0,1,1,1},
		{1,1,1,1,1,1,0,0,0,0,1,1,1,0,0,0,0,1,1,1},
		{1,1,1,1,1,0,0,0,0,1,1,1,1,0,0,0,0,1,1,1},
		{1,1,1,1,1,0,0,0,1,1,1,1,1,0,0,0,0,0,0,0},
		{1,1,1,1,1,1,1,1,1,1,1,1,1,0,0,0,0,0,0,0},
		{1,1,1,1,1,1,1,1,1,1,1,1,1,0,0,0,1,1,1,1},
		{1,1,1,1,1,1,1,1,1,1,1,1,1,0,0,0,1,1,1,1},
		{1,1,1,1,1,1,1,1,1,1,1,1,1,0,0,0,1,1,1,1},
		{1,1,1,1,1,1,1,1,1,1,1,1,1,1,1,1,1,1,1,1}
	};

	int array3[30][30]
	{
		{1,1,1,1,1,1,1,1,1,1,1,1,1,1,1,0,0,0,0,0,0,0,1,1,1,1,1,1,1,1},
		{1,1,1,1,1,1,1,1,1,1,1,1,1,1,1,0,0,0,0,0,0,0,1,1,1,1,1,1,1,1},
		{1,1,1,1,1,1,1,1,1,1,1,1,1,1,1,0,0,0,0,0,0,0,1,1,1,1,1,1,1,1},
		{1,1,1,1,1,1,1,1,1,1,1,1,1,1,1,0,0,0,0,0,0,0,1,1,1,1,1,1,1,1},
		{1,1,1,1,1,1,1,1,1,1,1,1,1,1,0,0,0,1,1,1,0,0,0,1,1,1,1,1,1,1},
		{1,1,1,1,1,1,1,1,1,1,1,1,1,0,0,0,1,1,1,1,0,0,0,0,1,1,1,1,1,1},
		{1,1,1,1,1,1,1,1,1,1,1,1,0,0,0,1,1,1,1,1,0,0,0,0,0,1,1,1,1,1},
		{1,1,1,1,1,1,1,1,1,1,0,0,0,0,1,1,1,1,1,1,1,1,0,0,0,0,0,0,0,1},
		{1,0,0,0,0,0,0,0,0,0,0,0,0,1,1,1,1,1,1,1,1,1,0,0,0,0,0,0,0,1},
		{1,0,0,0,0,0,0,0,0,0,0,0,0,1,1,1,1,1,1,1,1,1,1,1,1,1,1,1,1,1},
		{1,1,1,1,1,1,0,0,0,0,1,1,1,1,1,1,0,0,0,0,0,1,1,1,1,1,1,1,1,1},
		{1,1,0,0,0,0,0,0,0,0,1,1,1,1,1,1,0,0,0,0,0,1,1,1,1,1,1,1,1,1},
		{1,0,0,0,0,0,0,0,0,0,0,0,0,0,0,0,0,0,1,1,1,1,1,1,1,1,1,1,1,1},
		{1,0,0,1,1,1,0,0,0,0,0,0,0,0,0,0,0,0,1,1,1,1,1,1,1,1,1,1,1,1},
		{1,1,1,1,1,1,0,0,0,0,1,1,1,1,1,1,1,1,1,1,1,1,1,1,1,1,0,0,1,1},
		{1,1,1,1,1,1,0,0,0,0,1,1,1,1,1,1,1,1,1,1,1,1,1,1,1,1,0,0,1,1},
		{1,1,1,1,1,1,0,0,0,0,1,1,1,1,1,1,1,1,1,1,1,1,1,1,1,1,0,0,1,1},
		{1,1,1,1,1,1,0,0,0,0,1,1,1,1,1,1,1,1,1,1,1,1,0,0,0,0,0,0,1,1},
		{1,1,1,1,1,1,0,0,0,0,1,1,1,1,1,1,1,1,1,0,0,0,0,0,0,0,0,0,1,1},
		{1,1,1,1,1,1,0,0,0,0,1,1,1,1,1,1,1,1,1,0,0,0,0,0,1,1,1,1,1,1},
		{1,1,1,1,1,1,0,0,0,0,1,1,1,1,1,1,1,1,1,0,0,1,1,1,1,1,1,1,1,1},
		{1,1,1,1,1,1,0,0,0,0,0,0,0,0,0,0,0,0,0,0,0,1,1,1,1,1,1,1,1,1},
		{1,1,1,1,1,1,0,0,0,0,0,0,0,0,0,0,0,0,0,0,0,1,1,1,1,1,1,1,1,1},
		{1,1,1,1,1,1,0,0,0,0,0,0,0,0,0,0,0,1,1,1,1,1,1,1,1,1,1,1,1,1},
		{1,1,1,1,1,1,1,1,1,1,1,1,1,0,0,0,0,1,1,1,1,1,1,1,1,1,1,1,1,1},
		{1,1,1,1,1,1,1,1,1,1,1,1,1,0,0,0,0,1,1,1,1,1,1,1,1,1,1,1,1,1},
		{1,1,1,1,1,1,1,1,1,1,1,1,1,0,0,0,0,0,0,0,0,0,0,1,1,1,1,1,1,1},
		{1,1,1,1,1,1,1,1,1,1,1,1,1,0,0,0,0,0,0,0,0,0,0,1,1,1,1,1,1,1},
		{1,1,1,1,1,1,1,1,1,1,1,1,1,1,1,1,1,1,1,0,0,0,0,1,1,1,1,1,1,1},
		{1,1,1,1,1,1,1,1,1,1,1,1,1,1,1,1,1,1,1,0,0,0,0,1,1,1,1,1,1,1}

	};

	setlocale(0, "");
	cout << "Добро пожаловать в лабиринт!\n";
	cout << "[+] Размер карты: \n\n";
	cout << "[1] 15x15 \n";
	cout << "[2] 20x20 \n";
	cout << "[3] 30x30 \n\n";
	cout << "[+] Выберите размер: "; int answer; cin >> answer;


	
	 if (answer == 1) 
	 {
		for (int i = 0; i < 15; i++) 
		{
			for (int j = 0; j < 15; j++)
			{
				if (array1[i][j] == 1) {
					cout << "#";
				}
				else {
					cout << " ";
				}
			}
			cout << endl;
		}
	}
	 else if (answer == 2)
	 {
		 for (int i = 0; i < 20; i++)
		 {
			 for (int j = 0; j < 20; j++)
			 {
				 if (array2[i][j] == 1) {
					 cout << "#";
				 }
				 else {
					 cout << " ";
				 }
			 }
			 cout << endl;
		 }
	 }
	 else if (answer == 3)
	 {
		 for (int i = 0; i < 30; i++)
		 {
			 for (int j = 0; j < 30; j++)
			 {
				 if (array3[i][j] == 1) {
					 cout << "#";
				 }
				 else {
					 cout << " ";
				 }
			 }
			 cout << endl;
		 }
	 }
}
